dataType: efficiencyMap
dataId: 3NJet6_800HT1000_600MHTinf
observedN: 52
expectedBG: 54.8
bgError: 9.7
upperLimit: 1.18146440297*fb
expectedUpperLimit: 1.25346097398*fb
