dataType: efficiencyMap
dataId: M2
observedN: 8606
expectedBG: 8620
bgError: 270
upperLimit: 27.1925446417*fb
expectedUpperLimit: 27.5680292037*fb
