dataType: efficiencyMap
dataId: 3NJet6_1250HT1500_200MHT300
observedN: 98
expectedBG: 109
bgError: 18
upperLimit: 1.77589254506*fb
expectedUpperLimit: 2.14518439069*fb
