dataType: efficiencyMap
dataId: LM300
observedN: 9
expectedBG: 11.5
bgError: 3.6
upperLimit: 0.460361710028*fb
expectedUpperLimit: 0.542280730227*fb
