dataType: efficiencyMap
dataId: 6NJet8_1500HTinf_200MHT300
observedN: 18
expectedBG: 21.1
bgError: 8.1
upperLimit: 0.833040605092*fb
expectedUpperLimit: 0.953914960851*fb
