dataType: efficiencyMap
dataId: 6NJet8_1000HT1250_450MHTinf
observedN: 4
expectedBG: 2.2
bgError: 3.8
upperLimit: 0.377194919132*fb
expectedUpperLimit: 0.266010791056*fb
