dataType: efficiencyMap
dataId: MET3_HT1_nb3
observedN: 15
expectedBG: 15.5
bgError: 3.0
upperLimit: 0.555421619802*fb
expectedUpperLimit: 0.557528550361*fb
