dataType: efficiencyMap
dataId: 3NJet6_800HT1000_450MHT600
observedN: 124
expectedBG: 108
bgError: 15
upperLimit: 2.55473430365*fb
expectedUpperLimit: 1.88130139612*fb
