dataType: efficiencyMap
dataId: 3NJet6_1000HT1250_600MHTinf
observedN: 32
expectedBG: 22.8
bgError: 5.2
upperLimit: 1.2114619399*fb
expectedUpperLimit: 0.744779446368*fb
