dataType: efficiencyMap
dataId: 6NJet8_1250HT1500_450MHTinf
observedN: 2
expectedBG: 0.5
bgError: 2.6
upperLimit: 0.273885688462*fb
expectedUpperLimit: 0.15287049431*fb
