dataType: efficiencyMap
dataId: 8NJetinf_1250HT1500_200MHTinf
observedN: 5
expectedBG: 7.1
bgError: 3.8
upperLimit: 0.383545812871*fb
expectedUpperLimit: 0.47985662637*fb
