SLHAIN   =    0
SLHAOUT  =    0
HIGGS    =    0
MODEL    =    1
TGBET    =   3.0000000    
MABEG    =  0.80000000    
MAEND    =   500.00000    
NMA      =    4993
ALS(MZ)  =  0.11800000    
MSBAR(1) =  0.19000000    
MC       =   1.4000000    
MB       =   4.6000000    
MT       =   172.60000    
MTAU     =   1.7771000    
MMUON    =  0.10565839    
ALPH     =   137.03599    
GF       =  0.11663900E-04
GAMW     =   2.0800000    
GAMZ     =   2.4900000    
MZ       =   91.187000    
MW       =   80.410000    
VUS      =  0.22050000    
VCB      =  0.40000000E-01
VUB/VCB  =  0.80000000E-01
MU       =   1000.0000    
M2       =   1000.0000    
MGLUINO  =   1000.0000    
MSL1     =   1000.0000    
MER1     =   1000.0000    
MQL1     =   1000.0000    
MUR1     =   1000.0000    
MDR1     =   1000.0000    
MSL      =   1000.0000    
MER      =   1000.0000    
MSQ      =   1000.0000    
MUR      =   1000.0000    
MDR      =   1000.0000    
AL       =   1000.0000    
AU       =   1000.0000    
AD       =   1000.0000    
NNLO (M) =    0
ON-SHELL =    0
ON-SH-WZ =    0
IPOLE    =    0
OFF-SUSY =    0
INDIDEC  =    0
NF-GG    =    5
IGOLD    =    0
MPLANCK  =  0.24000000E+19
MGOLD    =  0.10000000E-12
