dataType: efficiencyMap
dataId: SRA-mCT250
observedN: 14
expectedBG: 15.8
bgError: 2.8
upperLimit: 0.481294087637*fb
expectedUpperLimit: 0.518382833311*fb
