dataType: efficiencyMap
dataId: HM250
observedN: 3
expectedBG: 9.5
bgError: 2.8
upperLimit: 0.246961795851*fb
expectedUpperLimit: 0.470103994362*fb
