dataType: efficiencyMap
dataId: 6NJet8_1250HT1500_200MHT300
observedN: 24
expectedBG: 28.0
bgError: 8.2
upperLimit: 0.883435532225*fb
expectedUpperLimit: 1.04051862161*fb
