dataType: efficiencyMap
dataId: 3NJet6_500HT800_300MHT450
observedN: 2305
expectedBG: 2278
bgError: 266
upperLimit: 28.1697716984*fb
expectedUpperLimit: 27.1221602464*fb
