dataType: efficiencyMap
dataId: MET2_HT3_nb3
observedN: 18
expectedBG: 23.2
bgError: 3.8
upperLimit: 0.506345431686*fb
expectedUpperLimit: 0.685170638018*fb
